66
/home/jose/Software/maglib/maglit_backup/our_m3dc1_data/i_coils/n03/C1.h5
22
tcabr_first_wall_m3dc1
18
/orbits/test_cont.dat

10
0.471
0.47169999999999995
0.4724
0.47309999999999997
0.4738
0.4745
0.47519999999999996
0.4759
0.47659999999999997
0.4773

20
0.0
0.3141592653589793
0.6283185307179586
0.9424777960769379
1.2566370614359172
1.5707963267948966
1.8849555921538759
2.199114857512855
2.5132741228718345
2.827433388230814
3.141592653589793
3.455751918948772
3.7699111843077517
4.084070449666731
4.39822971502571
4.71238898038469
5.026548245743669
5.340707511102648
5.654866776461628
5.969026041820607