68
   4.3500000e-01  -0.0000000e+00
   4.3500000e-01  -2.4000000e-02
   4.3500000e-01  -4.8000000e-02
   4.3500000e-01  -7.2000000e-02
   4.3500000e-01  -9.6000000e-02
   4.3500000e-01  -1.2000000e-01
   4.3500000e-01  -1.4400000e-01
   4.3500000e-01  -1.6800000e-01
   4.3500000e-01  -1.9200000e-01
   4.3500000e-01  -2.4000000e-01
   4.8800000e-01  -2.4000000e-01
   5.1450000e-01  -2.4000000e-01
   5.4100000e-01  -2.4000000e-01
   5.6750000e-01  -2.4000000e-01
   5.9400000e-01  -2.4000000e-01
   6.2050000e-01  -2.4000000e-01
   6.4700000e-01  -2.4000000e-01
   6.7040000e-01  -2.3780000e-01
   6.9070000e-01  -2.3340000e-01
   7.0790000e-01  -2.2680000e-01
   7.2200000e-01  -2.1800000e-01
   7.3300000e-01  -2.0700000e-01
   7.4400000e-01  -1.9600000e-01
   7.5500000e-01  -1.8500000e-01
   7.6600000e-01  -1.7400000e-01
   7.7700000e-01  -1.6300000e-01
   7.8800000e-01  -1.5200000e-01
   7.9680000e-01  -1.3800000e-01
   8.0340000e-01  -1.2100000e-01
   8.0780000e-01  -1.0100000e-01
   8.1000000e-01  -7.8000000e-02
   8.1000000e-01  -5.2000000e-02
   8.1000000e-01  -2.6000000e-02
   8.1000000e-01   0.0000000e+00
   8.1000000e-01   2.6000000e-02
   8.1000000e-01   5.2000000e-02
   8.1000000e-01   7.8000000e-02
   8.0780000e-01   1.0100000e-01
   8.0340000e-01   1.2100000e-01
   7.9680000e-01   1.3800000e-01
   7.8800000e-01   1.5200000e-01
   7.7700000e-01   1.6300000e-01
   7.6600000e-01   1.7400000e-01
   7.5500000e-01   1.8500000e-01
   7.4400000e-01   1.9600000e-01
   7.3300000e-01   2.0700000e-01
   7.2200000e-01   2.1800000e-01
   7.0790000e-01   2.2680000e-01
   6.9070000e-01   2.3340000e-01
   6.7040000e-01   2.3780000e-01
   6.4700000e-01   2.4000000e-01
   6.2050000e-01   2.4000000e-01
   5.9400000e-01   2.4000000e-01
   5.6750000e-01   2.4000000e-01
   5.4100000e-01   2.4000000e-01
   5.1450000e-01   2.4000000e-01
   4.8800000e-01   2.4000000e-01
   4.6680000e-01   2.3520000e-01
   4.5090000e-01   2.2560000e-01
   4.4030000e-01   2.1120000e-01
   4.3500000e-01   1.9200000e-01
   4.3500000e-01   1.6800000e-01
   4.3500000e-01   1.4400000e-01
   4.3500000e-01   1.2000000e-01
   4.3500000e-01   9.6000000e-02
   4.3500000e-01   7.2000000e-02
   4.3500000e-01   4.8000000e-02
   4.3500000e-01   2.4000000e-02