#R0                 Z0                 phi0               length             psiMin             turn
0.5000000000000000 -0.2400000000000000 0.0000000000000000 2.5732124405064551 0.9902481371911411 0
0.5026315789473684 -0.2400000000000000 0.0000000000000000 3.2854387925366115 0.9934055876560121 1
0.5052631578947369 -0.2400000000000000 0.0000000000000000 13.7305898618206257 0.9968213073954308 4
0.5078947368421053 -0.2400000000000000 0.0000000000000000 63.7160273172813660 0.9319234422868115 17
0.5105263157894737 -0.2400000000000000 0.0000000000000000 10.7299511050775305 0.9944966758276055 3
0.5131578947368421 -0.2400000000000000 0.0000000000000000 43.8658444292296821 0.9049681301045159 12
0.5157894736842106 -0.2400000000000000 0.0000000000000000 53.4397064063297904 0.9366581178122005 15
0.5184210526315790 -0.2400000000000000 0.0000000000000000 10.5097169852895878 0.9759912728874512 3
0.5210526315789474 -0.2400000000000000 0.0000000000000000 10.2757004482147565 0.9889774722523007 2
0.5236842105263158 -0.2400000000000000 0.0000000000000000 10.3447021882080232 1.0153872604547483 2
0.5263157894736842 -0.2400000000000000 0.0000000000000000 9.7421949319702339 1.0358446660100891 2
0.5289473684210526 -0.2400000000000000 0.0000000000000000 9.5212619556216485 1.0421727928614002 2
0.5315789473684210 -0.2400000000000000 0.0000000000000000 9.5544945326792270 1.0488294374694807 2
0.5342105263157895 -0.2400000000000000 0.0000000000000000 9.1835316440789043 1.0558298329728499 2
0.5368421052631579 -0.2400000000000000 0.0000000000000000 8.7456891213315231 1.0587553607751243 2
0.5394736842105263 -0.2400000000000000 0.0000000000000000 8.5942168707909534 1.0530583806818354 2
0.5421052631578948 -0.2400000000000000 0.0000000000000000 8.5775743409525624 1.0518882866839367 2
0.5447368421052632 -0.2400000000000000 0.0000000000000000 8.5412878216071455 1.0548721286566409 2
0.5473684210526316 -0.2400000000000000 0.0000000000000000 8.4663586667703346 1.0612950961459591 2
0.5500000000000000 -0.2400000000000000 0.0000000000000000 8.4215898935060345 1.0704158717825745 2
0.5000000000000000 -0.2400000000000000 0.3141592653589793 2.5647999934239674 0.9904304409392585 0
0.5026315789473684 -0.2400000000000000 0.3141592653589793 3.2644078979531415 0.9934821494416115 1
0.5052631578947369 -0.2400000000000000 0.3141592653589793 15.0388159365120408 0.9570291430062489 4
0.5078947368421053 -0.2400000000000000 0.3141592653589793 82.2002123727183402 0.7974317742512682 22
0.5105263157894737 -0.2400000000000000 0.3141592653589793 10.4048115215105970 0.9636900214925745 3
0.5131578947368421 -0.2400000000000000 0.3141592653589793 10.2999577512490639 1.0093564819236496 2
0.5157894736842106 -0.2400000000000000 0.3141592653589793 53.9521976416454621 0.8564000600252326 14
0.5184210526315790 -0.2400000000000000 0.3141592653589793 20.0491232865266440 0.9251512133117979 5
0.5210526315789474 -0.2400000000000000 0.3141592653589793 10.9842251897496865 0.9823319909546604 3
0.5236842105263158 -0.2400000000000000 0.3141592653589793 10.4815591760825644 0.9926752643100412 3
0.5263157894736842 -0.2400000000000000 0.3141592653589793 10.4441270467474823 1.0119789056586113 3
0.5289473684210526 -0.2400000000000000 0.3141592653589793 9.7109583870001792 1.0363374747197220 2
0.5315789473684210 -0.2400000000000000 0.3141592653589793 9.1768971128793773 1.0505494352989231 2
0.5342105263157895 -0.2400000000000000 0.3141592653589793 9.0277324357910320 1.0575666941118644 2
0.5368421052631579 -0.2400000000000000 0.3141592653589793 9.0693920788971756 1.0649195626257062 2
0.5394736842105263 -0.2400000000000000 0.3141592653589793 9.2105566736293802 1.0726237462354482 2
0.5421052631578948 -0.2400000000000000 0.3141592653589793 9.2451720344296007 1.0657231569902688 2
0.5447368421052632 -0.2400000000000000 0.3141592653589793 9.1257170094729716 1.0675702160375986 2
0.5473684210526316 -0.2400000000000000 0.3141592653589793 8.9909658264483863 1.0724559415204074 2
0.5500000000000000 -0.2400000000000000 0.3141592653589793 8.9211629337538714 1.0760585681650439 2
0.5000000000000000 -0.2400000000000000 0.6283185307179586 2.5545389386993111 0.9903529921575084 0
0.5026315789473684 -0.2400000000000000 0.6283185307179586 3.2638376621416585 0.9934240241761894 1
0.5052631578947369 -0.2400000000000000 0.6283185307179586 50.7132142917623412 0.8898612406484683 14
0.5078947368421053 -0.2400000000000000 0.6283185307179586 11.1734996968368119 1.0005385936393072 3
0.5105263157894737 -0.2400000000000000 0.6283185307179586 10.5955613453559909 0.9567447272853598 3
0.5131578947368421 -0.2400000000000000 0.6283185307179586 10.5853660304257211 1.0030824697508895 3
0.5157894736842106 -0.2400000000000000 0.6283185307179586 9.5704421815424343 1.0139120260987944 2
0.5184210526315790 -0.2400000000000000 0.6283185307179586 46.6532111725487724 0.8884322442285645 12
0.5210526315789474 -0.2400000000000000 0.6283185307179586 17.2636881934886084 0.9654127075384692 4
0.5236842105263158 -0.2400000000000000 0.6283185307179586 20.7948468714569898 0.9905240392840037 5
0.5263157894736842 -0.2400000000000000 0.6283185307179586 11.1887209186569692 0.9980998710368499 3
0.5289473684210526 -0.2400000000000000 0.6283185307179586 10.7820104170018940 1.0074108344098007 3
0.5315789473684210 -0.2400000000000000 0.6283185307179586 9.8930283861573578 1.0286276144229665 2
0.5342105263157895 -0.2400000000000000 0.6283185307179586 9.1162438004310182 1.0492060582310314 2
0.5368421052631579 -0.2400000000000000 0.6283185307179586 8.8314798017494756 1.0652802535267984 2
0.5394736842105263 -0.2400000000000000 0.6283185307179586 8.8671864242671674 1.0744179631438260 2
0.5421052631578948 -0.2400000000000000 0.6283185307179586 8.9108010772897348 1.0834504564111325 2
0.5447368421052632 -0.2400000000000000 0.6283185307179586 8.8722330887198027 1.0923945828925730 2
0.5473684210526316 -0.2400000000000000 0.6283185307179586 8.7975533149412346 1.1012829504277133 2
0.5500000000000000 -0.2400000000000000 0.6283185307179586 8.7384774542124983 1.1101505430250722 2
0.5000000000000000 -0.2400000000000000 0.9424777960769379 2.5502595447580823 0.9903079831745113 0
0.5026315789473684 -0.2400000000000000 0.9424777960769379 3.2773818760361171 0.9934238453538898 1
0.5052631578947369 -0.2400000000000000 0.9424777960769379 14.3577322840049941 0.9546385267673025 4
0.5078947368421053 -0.2400000000000000 0.9424777960769379 11.1765933676907228 0.9908400767614235 3
0.5105263157894737 -0.2400000000000000 0.9424777960769379 12.2857889146676698 0.9662540353915109 3
0.5131578947368421 -0.2400000000000000 0.9424777960769379 10.1907536952138464 0.9720962881063534 2
0.5157894736842106 -0.2400000000000000 0.9424777960769379 10.4447265569051293 1.0137984653510947 3
0.5184210526315790 -0.2400000000000000 0.9424777960769379 9.3608386724062793 1.0188295314153721 2
0.5210526315789474 -0.2400000000000000 0.9424777960769379 122.1333056008493401 0.7942136102010275 33
0.5236842105263158 -0.2400000000000000 0.9424777960769379 37.2493778105264113 0.8906457774434192 10
0.5263157894736842 -0.2400000000000000 0.9424777960769379 17.6164369680888946 0.9624999677856899 4
0.5289473684210526 -0.2400000000000000 0.9424777960769379 19.2252246910843247 0.9417072978209627 5
0.5315789473684210 -0.2400000000000000 0.9424777960769379 23.9940740852159067 0.9558026627323456 7
0.5342105263157895 -0.2400000000000000 0.9424777960769379 10.3086039510852085 1.0143096818041579 2
0.5368421052631579 -0.2400000000000000 0.9424777960769379 9.2776238288858082 1.0414305464351070 2
0.5394736842105263 -0.2400000000000000 0.9424777960769379 8.7565897076670005 1.0587816726728849 2
0.5421052631578948 -0.2400000000000000 0.9424777960769379 8.8237893680145305 1.0764550567828723 2
0.5447368421052632 -0.2400000000000000 0.9424777960769379 9.1942712618329931 1.0890383864566018 2
0.5473684210526316 -0.2400000000000000 0.9424777960769379 9.3656054981121226 1.0985273019841633 2
0.5500000000000000 -0.2400000000000000 0.9424777960769379 9.3410333352435959 1.1081673320928416 2
0.5000000000000000 -0.2400000000000000 1.2566370614359172 2.5557469025490605 0.9902959323670448 0
0.5026315789473684 -0.2400000000000000 1.2566370614359172 3.2999897614556373 0.9934459575899265 1
0.5052631578947369 -0.2400000000000000 1.2566370614359172 13.3787827290187362 0.9452605870314952 3
0.5078947368421053 -0.2400000000000000 1.2566370614359172 10.9019165300418983 0.9626824296881401 3
0.5105263157894737 -0.2400000000000000 1.2566370614359172 132.0050962528535194 0.7919333520577299 35
0.5131578947368421 -0.2400000000000000 1.2566370614359172 10.3330214667434834 0.9630060398562534 3
0.5157894736842106 -0.2400000000000000 1.2566370614359172 10.3198729864563372 0.9912272357241942 2
0.5184210526315790 -0.2400000000000000 1.2566370614359172 10.2545915657927722 1.0188308703246465 2
0.5210526315789474 -0.2400000000000000 1.2566370614359172 9.3335854736435699 1.0241587358920103 2
0.5236842105263158 -0.2400000000000000 1.2566370614359172 11.0146600294974757 1.0045317861952159 3
0.5263157894736842 -0.2400000000000000 1.2566370614359172 185.8848971374072789 0.7898703880426559 49
0.5289473684210526 -0.2400000000000000 1.2566370614359172 184.7734431615764095 0.7911241845200412 49
0.5315789473684210 -0.2400000000000000 1.2566370614359172 17.1671510872860189 0.9649083299165192 4
0.5342105263157895 -0.2400000000000000 1.2566370614359172 18.0855628964972652 0.9839788531829664 5
0.5368421052631579 -0.2400000000000000 1.2566370614359172 11.3448476471079420 1.0012607478067925 3
0.5394736842105263 -0.2400000000000000 1.2566370614359172 9.5357511263864865 1.0347026736772391 2
0.5421052631578948 -0.2400000000000000 1.2566370614359172 8.8092115172220424 1.0541988108193343 2
0.5447368421052632 -0.2400000000000000 1.2566370614359172 8.6213663739774340 1.0687851582760739 2
0.5473684210526316 -0.2400000000000000 1.2566370614359172 8.9795972369825598 1.0843281318555884 2
0.5500000000000000 -0.2400000000000000 1.2566370614359172 9.2579723823634357 1.1000852360942754 2
0.5000000000000000 -0.2400000000000000 1.5707963267948966 2.5669855868302682 0.9902860190613988 0
0.5026315789473684 -0.2400000000000000 1.5707963267948966 3.3133647814771017 0.9934462776444380 1
0.5052631578947369 -0.2400000000000000 1.5707963267948966 13.2790205607050353 0.9449885167219824 3
0.5078947368421053 -0.2400000000000000 1.5707963267948966 11.0273452560075143 0.9508313282938803 3
0.5105263157894737 -0.2400000000000000 1.5707963267948966 10.5865400619993846 1.0046649043626783 3
0.5131578947368421 -0.2400000000000000 1.5707963267948966 13.0600401408363744 0.9710453652923234 3
0.5157894736842106 -0.2400000000000000 1.5707963267948966 10.1242908287443907 0.9710533665001480 2
0.5184210526315790 -0.2400000000000000 1.5707963267948966 10.3889943231004054 1.0020223622559206 3
0.5210526315789474 -0.2400000000000000 1.5707963267948966 10.1233866665991474 1.0241719137962262 2
0.5236842105263158 -0.2400000000000000 1.5707963267948966 9.6638214599337449 1.0298446006050763 2
0.5263157894736842 -0.2400000000000000 1.5707963267948966 8.9836386472620742 1.0357712356232531 2
0.5289473684210526 -0.2400000000000000 1.5707963267948966 10.2443356510395969 1.0127529103284927 2
0.5315789473684210 -0.2400000000000000 1.5707963267948966 114.2254194278114028 0.8057529202900887 31
0.5342105263157895 -0.2400000000000000 1.5707963267948966 25.1486177358603769 0.9342035544068528 7
0.5368421052631579 -0.2400000000000000 1.5707963267948966 26.6538158723914975 0.9562682153434851 7
0.5394736842105263 -0.2400000000000000 1.5707963267948966 11.7705303764475460 0.9992790731168575 3
0.5421052631578948 -0.2400000000000000 1.5707963267948966 9.5582030790566623 1.0287906399176716 2
0.5447368421052632 -0.2400000000000000 1.5707963267948966 8.8446016810525609 1.0597891340204155 2
0.5473684210526316 -0.2400000000000000 1.5707963267948966 8.5206797277409905 1.0701713426173798 2
0.5500000000000000 -0.2400000000000000 1.5707963267948966 8.6738606710370547 1.0823191417760694 2
0.5000000000000000 -0.2400000000000000 1.8849555921538759 2.5740984450337270 0.9902634679518005 0
0.5026315789473684 -0.2400000000000000 1.8849555921538759 3.3022370457205295 0.9934211428847161 1
0.5052631578947369 -0.2400000000000000 1.8849555921538759 21.1200633750344693 0.9638819880660883 6
0.5078947368421053 -0.2400000000000000 1.8849555921538759 11.6040935232031810 0.9571785213429209 3
0.5105263157894737 -0.2400000000000000 1.8849555921538759 10.8223850451203134 1.0046331926702392 3
0.5131578947368421 -0.2400000000000000 1.8849555921538759 85.2754554573925958 0.7991688351941634 23
0.5157894736842106 -0.2400000000000000 1.8849555921538759 11.0131523265827962 0.9714061051184045 3
0.5184210526315790 -0.2400000000000000 1.8849555921538759 10.1494353753292685 0.9788030875440212 2
0.5210526315789474 -0.2400000000000000 1.8849555921538759 10.3970860850241991 1.0056334099127768 3
0.5236842105263158 -0.2400000000000000 1.8849555921538759 9.9891814397331249 1.0298382977354186 2
0.5263157894736842 -0.2400000000000000 1.8849555921538759 9.7630304389549885 1.0358449788690702 2
0.5289473684210526 -0.2400000000000000 1.8849555921538759 9.4319220691414696 1.0421601358901467 2
0.5315789473684210 -0.2400000000000000 1.8849555921538759 8.8325302775319088 1.0487990229453839 2
0.5342105263157895 -0.2400000000000000 1.8849555921538759 8.8697857871409145 1.0403386797041654 2
0.5368421052631579 -0.2400000000000000 1.8849555921538759 9.2461741477820922 1.0347026869035463 2
0.5394736842105263 -0.2400000000000000 1.8849555921538759 9.4457019673236395 1.0294223576314088 2
0.5421052631578948 -0.2400000000000000 1.8849555921538759 9.2742134989622507 1.0357948393449579 2
0.5447368421052632 -0.2400000000000000 1.8849555921538759 8.9268164570906965 1.0496189699142979 2
0.5473684210526316 -0.2400000000000000 1.8849555921538759 8.6007759091365852 1.0613685160035875 2
0.5500000000000000 -0.2400000000000000 1.8849555921538759 8.4391979248860967 1.0749263386003549 2
0.5000000000000000 -0.2400000000000000 2.1991148575128552 2.5711294161961278 0.9904292579528651 0
0.5026315789473684 -0.2400000000000000 2.1991148575128552 3.2770442274382297 0.9934917083180853 1
0.5052631578947369 -0.2400000000000000 2.1991148575128552 13.5257809889807952 0.9619959665391242 4
0.5078947368421053 -0.2400000000000000 2.1991148575128552 48.1451464927527013 0.8839189237009850 13
0.5105263157894737 -0.2400000000000000 2.1991148575128552 10.5529549691047571 0.9814362139815066 3
0.5131578947368421 -0.2400000000000000 2.1991148575128552 10.0209823715281559 1.0091817384685615 2
0.5157894736842106 -0.2400000000000000 2.1991148575128552 93.3024707587581617 0.8080034134672185 25
0.5184210526315790 -0.2400000000000000 2.1991148575128552 11.1612721006543687 0.9767790510146135 3
0.5210526315789474 -0.2400000000000000 2.1991148575128552 10.2938658859796686 0.9846868288913416 2
0.5236842105263158 -0.2400000000000000 2.1991148575128552 10.4377624594715002 1.0053490356399739 3
0.5263157894736842 -0.2400000000000000 2.1991148575128552 9.9280155289032876 1.0330182225311211 2
0.5289473684210526 -0.2400000000000000 2.1991148575128552 9.4318162503846263 1.0423892515358304 2
0.5315789473684210 -0.2400000000000000 2.1991148575128552 9.3847636947476065 1.0490482941367838 2
0.5342105263157895 -0.2400000000000000 2.1991148575128552 9.4642588316149876 1.0560450806922519 2
0.5368421052631579 -0.2400000000000000 2.1991148575128552 9.1903110552751226 1.0633911637140407 2
0.5394736842105263 -0.2400000000000000 2.1991148575128552 8.8087163105344928 1.0653301018765755 2
0.5421052631578948 -0.2400000000000000 2.1991148575128552 8.5958289488834350 1.0616875968685731 2
0.5447368421052632 -0.2400000000000000 2.1991148575128552 8.5057540843068793 1.0618898408846189 2
0.5473684210526316 -0.2400000000000000 2.1991148575128552 8.4645106155046399 1.0656031979144873 2
0.5500000000000000 -0.2400000000000000 2.1991148575128552 8.4679761693595612 1.0722720810308632 2
0.5000000000000000 -0.2400000000000000 2.5132741228718345 2.5611620321571458 0.9904029657467043 0
0.5026315789473684 -0.2400000000000000 2.5132741228718345 3.2615262756617862 0.9934560268746974 1
0.5052631578947369 -0.2400000000000000 2.5132741228718345 183.9668781781491020 0.7923463831901937 49
0.5078947368421053 -0.2400000000000000 2.5132741228718345 11.0783242436478417 1.0005595035687025 3
0.5105263157894737 -0.2400000000000000 2.5132741228718345 10.4330141136498504 0.9588621617552274 3
0.5131578947368421 -0.2400000000000000 2.5132741228718345 10.5557493574192112 1.0092397603730188 3
0.5157894736842106 -0.2400000000000000 2.5132741228718345 18.9317506868306431 0.9573229783219530 5
0.5184210526315790 -0.2400000000000000 2.5132741228718345 83.4799060884252242 0.8545328545817749 22
0.5210526315789474 -0.2400000000000000 2.5132741228718345 185.0619794191847518 0.7850754101922903 49
0.5236842105263158 -0.2400000000000000 2.5132741228718345 10.6685540678879658 0.9906467047196625 3
0.5263157894736842 -0.2400000000000000 2.5132741228718345 10.6085598311565921 1.0045721399078884 3
0.5289473684210526 -0.2400000000000000 2.5132741228718345 10.0331615064719397 1.0257252912578445 2
0.5315789473684210 -0.2400000000000000 2.5132741228718345 9.2830916048545191 1.0489177734931296 2
0.5342105263157895 -0.2400000000000000 2.5132741228718345 8.9625775454481698 1.0587241141765336 2
0.5368421052631579 -0.2400000000000000 2.5132741228718345 8.8911808150259741 1.0660929720445991 2
0.5394736842105263 -0.2400000000000000 2.5132741228718345 8.8955917533129121 1.0738074702135882 2
0.5421052631578948 -0.2400000000000000 2.5132741228718345 8.9824982381061407 1.0818721006625280 2
0.5447368421052632 -0.2400000000000000 2.5132741228718345 9.0823109384123768 1.0801169197033309 2
0.5473684210526316 -0.2400000000000000 2.5132741228718345 9.1080771908711924 1.0742393171714208 2
0.5500000000000000 -0.2400000000000000 2.5132741228718345 9.0768668399221966 1.0742346877273778 2
0.5000000000000000 -0.2400000000000000 2.8274333882308138 2.5521364788711081 0.9903332766281051 0
0.5026315789473684 -0.2400000000000000 2.8274333882308138 3.2664105346891259 0.9934184100663497 1
0.5052631578947369 -0.2400000000000000 2.8274333882308138 28.9685946383299218 0.9147578637176954 8
0.5078947368421053 -0.2400000000000000 2.8274333882308138 11.3479420717483297 1.0005376187153729 3
0.5105263157894737 -0.2400000000000000 2.8274333882308138 10.7806055995060905 0.9587216699038174 3
0.5131578947368421 -0.2400000000000000 2.8274333882308138 10.4374080247418330 0.9903688379572175 3
0.5157894736842106 -0.2400000000000000 2.8274333882308138 9.9752136096538528 1.0138928725292993 2
0.5184210526315790 -0.2400000000000000 2.8274333882308138 17.9275620351344536 0.9588208979613575 5
0.5210526315789474 -0.2400000000000000 2.8274333882308138 47.5739570700431926 0.8900165545103700 13
0.5236842105263158 -0.2400000000000000 2.8274333882308138 35.0744867766188406 0.9368118033281955 9
0.5263157894736842 -0.2400000000000000 2.8274333882308138 21.0754023193476847 0.9957347699690732 6
0.5289473684210526 -0.2400000000000000 2.8274333882308138 11.3190043834304976 1.0017158246318347 3
0.5315789473684210 -0.2400000000000000 2.8274333882308138 10.3564744374236799 1.0149283718192463 2
0.5342105263157895 -0.2400000000000000 2.8274333882308138 9.3873998944228507 1.0395116658117476 2
0.5368421052631579 -0.2400000000000000 2.8274333882308138 8.8519693868908202 1.0590870888676238 2
0.5394736842105263 -0.2400000000000000 2.8274333882308138 8.8307276907041281 1.0729734899319194 2
0.5421052631578948 -0.2400000000000000 2.8274333882308138 9.0161090020536996 1.0821637917335476 2
0.5447368421052632 -0.2400000000000000 2.8274333882308138 9.1402445074918823 1.0913555178507273 2
0.5473684210526316 -0.2400000000000000 2.8274333882308138 9.1627059524797794 1.1005603322418995 2
0.5500000000000000 -0.2400000000000000 2.8274333882308138 9.1332565683166713 1.1098046642548527 2
0.5000000000000000 -0.2400000000000000 3.1415926535897931 2.5510169553656228 0.9903017963473949 0
0.5026315789473684 -0.2400000000000000 3.1415926535897931 3.2847728654449071 0.9934316350789649 1
0.5052631578947369 -0.2400000000000000 3.1415926535897931 13.7117739448328670 0.9476313983726009 4
0.5078947368421053 -0.2400000000000000 3.1415926535897931 11.0243892312424663 0.9795432947586923 3
0.5105263157894737 -0.2400000000000000 3.1415926535897931 19.2877362956435228 0.9683763870544372 5
0.5131578947368421 -0.2400000000000000 3.1415926535897931 10.1743562260642086 0.9666237571912281 2
0.5157894736842106 -0.2400000000000000 3.1415926535897931 10.5028309319153230 1.0137508064693235 3
0.5184210526315790 -0.2400000000000000 3.1415926535897931 9.7086608021821874 1.0188541616482001 2
0.5210526315789474 -0.2400000000000000 3.1415926535897931 11.7867194267095279 1.0004800969788425 3
0.5236842105263158 -0.2400000000000000 3.1415926535897931 57.6228269729557780 0.8880324890685183 16
0.5263157894736842 -0.2400000000000000 3.1415926535897931 28.8706241636071788 0.9538624834602224 8
0.5289473684210526 -0.2400000000000000 3.1415926535897931 35.2011104349926427 0.9325005807235796 9
0.5315789473684210 -0.2400000000000000 3.1415926535897931 19.4519541547194699 0.9372341340824291 5
0.5342105263157895 -0.2400000000000000 3.1415926535897931 11.2957818420862868 1.0018173957761505 3
0.5368421052631579 -0.2400000000000000 3.1415926535897931 9.6737105242006969 1.0325536463767480 2
0.5394736842105263 -0.2400000000000000 3.1415926535897931 8.9002413783815921 1.0508323228280640 2
0.5421052631578948 -0.2400000000000000 3.1415926535897931 8.6902139271485144 1.0675473146170962 2
0.5447368421052632 -0.2400000000000000 3.1415926535897931 9.0140286809557590 1.0844610314746128 2
0.5473684210526316 -0.2400000000000000 3.1415926535897931 9.3262244928224689 1.0975264008423569 2
0.5500000000000000 -0.2400000000000000 3.1415926535897931 9.3027137138041720 1.1072248938393223 2
0.5000000000000000 -0.2400000000000000 3.4557519189487720 2.5592980084253729 0.9902937061324156 0
0.5026315789473684 -0.2400000000000000 3.4557519189487720 3.3063429609219632 0.9934496323670604 1
0.5052631578947369 -0.2400000000000000 3.4557519189487720 13.2940140909694442 0.9458413642724888 3
0.5078947368421053 -0.2400000000000000 3.4557519189487720 10.9276685782769185 0.9568471506948735 3
0.5105263157894737 -0.2400000000000000 3.4557519189487720 50.4959750661271443 0.9009289347256436 14
0.5131578947368421 -0.2400000000000000 3.4557519189487720 10.5476176949254015 0.9641997714735627 3
0.5157894736842106 -0.2400000000000000 3.4557519189487720 10.1831417023668056 0.9819863132986402 2
0.5184210526315790 -0.2400000000000000 3.4557519189487720 10.3559935374356282 1.0188060531593266 2
0.5210526315789474 -0.2400000000000000 3.4557519189487720 9.7922069585880624 1.0241826878753808 2
0.5236842105263158 -0.2400000000000000 3.4557519189487720 9.1904835413793275 1.0297490735993076 2
0.5263157894736842 -0.2400000000000000 3.4557519189487720 39.7920126269969217 0.8958757339871637 11
0.5289473684210526 -0.2400000000000000 3.4557519189487720 80.2907611247059663 0.8002735918251177 21
0.5315789473684210 -0.2400000000000000 3.4557519189487720 25.0980788693351968 0.9584667709670917 7
0.5342105263157895 -0.2400000000000000 3.4557519189487720 34.3927669945859549 0.9339610289368979 9
0.5368421052631579 -0.2400000000000000 3.4557519189487720 19.9198690200774635 0.9501327271529932 5
0.5394736842105263 -0.2400000000000000 3.4557519189487720 9.9887250018365084 1.0180916734350236 2
0.5421052631578948 -0.2400000000000000 3.4557519189487720 9.0406878304952514 1.0508553873429582 2
0.5447368421052632 -0.2400000000000000 3.4557519189487720 8.6000359836805753 1.0634522203690813 2
0.5473684210526316 -0.2400000000000000 3.4557519189487720 8.7191277270180230 1.0776282640062611 2
0.5500000000000000 -0.2400000000000000 3.4557519189487720 9.1646295987338640 1.0926727367093021 2
0.5000000000000000 -0.2400000000000000 3.7699111843077517 2.5702886571901020 0.9902796144634207 0
0.5026315789473684 -0.2400000000000000 3.7699111843077517 3.3132679283475319 0.9934393983923575 1
0.5052631578947369 -0.2400000000000000 3.7699111843077517 13.3700620309501836 0.9472549136752301 3
0.5078947368421053 -0.2400000000000000 3.7699111843077517 11.1020817273251176 0.9510580305691205 3
0.5105263157894737 -0.2400000000000000 3.7699111843077517 10.1429334046922079 1.0046557848070763 2
0.5131578947368421 -0.2400000000000000 3.7699111843077517 26.3364464104765226 0.9552569259341641 7
0.5157894736842106 -0.2400000000000000 3.7699111843077517 10.2370577562659957 0.9695669870145923 2
0.5184210526315790 -0.2400000000000000 3.7699111843077517 10.2761329559364771 0.9917679800874867 2
0.5210526315789474 -0.2400000000000000 3.7699111843077517 10.2310415463022366 1.0241558503471160 2
0.5236842105263158 -0.2400000000000000 3.7699111843077517 9.9026885357952263 1.0298508594242761 2
0.5263157894736842 -0.2400000000000000 3.7699111843077517 9.2303984449894969 1.0358204574590595 2
0.5289473684210526 -0.2400000000000000 3.7699111843077517 9.0013669961210869 1.0374899882156339 2
0.5315789473684210 -0.2400000000000000 3.7699111843077517 10.2569457225847227 1.0114522134093191 2
0.5342105263157895 -0.2400000000000000 3.7699111843077517 17.7698328522120264 0.9851116079794786 5
0.5368421052631579 -0.2400000000000000 3.7699111843077517 17.7865625692010205 0.9855752460938942 5
0.5394736842105263 -0.2400000000000000 3.7699111843077517 12.0029007105073475 0.9985153562967566 3
0.5421052631578948 -0.2400000000000000 3.7699111843077517 9.7006987849815296 1.0227801386393021 2
0.5447368421052632 -0.2400000000000000 3.7699111843077517 8.9715583497503744 1.0553922187843230 2
0.5473684210526316 -0.2400000000000000 3.7699111843077517 8.5554119074635917 1.0699018857304476 2
0.5500000000000000 -0.2400000000000000 3.7699111843077517 8.5235173489197678 1.0802416074158403 2
0.5000000000000000 -0.2400000000000000 4.0840704496667311 2.5742484326629769 0.9902551904375755 0
0.5026315789473684 -0.2400000000000000 4.0840704496667311 3.2941149222005515 0.9934123118489393 1
0.5052631578947369 -0.2400000000000000 4.0840704496667311 102.4371067733603411 0.9185564828102175 28
0.5078947368421053 -0.2400000000000000 4.0840704496667311 12.9560757229785466 0.9633943782719997 3
0.5105263157894737 -0.2400000000000000 4.0840704496667311 10.8575526490875749 1.0046242722904772 3
0.5131578947368421 -0.2400000000000000 4.0840704496667311 124.1995437612561801 0.7922115802333066 33
0.5157894736842106 -0.2400000000000000 4.0840704496667311 38.8937380713713239 0.9090618898528003 11
0.5184210526315790 -0.2400000000000000 4.0840704496667311 10.2437842664027148 0.9764648714350087 2
0.5210526315789474 -0.2400000000000000 4.0840704496667311 10.3397787818185876 0.9960517836164023 3
0.5236842105263158 -0.2400000000000000 4.0840704496667311 10.1584772149216462 1.0270830906899648 2
0.5263157894736842 -0.2400000000000000 4.0840704496667311 9.6965364323263774 1.0358438677442179 2
0.5289473684210526 -0.2400000000000000 4.0840704496667311 9.6551350227135551 1.0421686517563198 2
0.5315789473684210 -0.2400000000000000 4.0840704496667311 9.2589665153978231 1.0488210614779676 2
0.5342105263157895 -0.2400000000000000 4.0840704496667311 8.7623187507527103 1.0541410631068282 2
0.5368421052631579 -0.2400000000000000 4.0840704496667311 8.7101217231697827 1.0458051306039009 2
0.5394736842105263 -0.2400000000000000 4.0840704496667311 8.8404676454521276 1.0427584237657768 2
0.5421052631578948 -0.2400000000000000 4.0840704496667311 8.8663520205264312 1.0446940047330391 2
0.5447368421052632 -0.2400000000000000 4.0840704496667311 8.7346544295284581 1.0507292463679963 2
0.5473684210526316 -0.2400000000000000 4.0840704496667311 8.5436090603749335 1.0598941128280004 2
0.5500000000000000 -0.2400000000000000 4.0840704496667311 8.4264757554819862 1.0713533286679811 2
0.5000000000000000 -0.2400000000000000 4.3982297150257104 2.5682288834666362 0.9904567322629716 0
0.5026315789473684 -0.2400000000000000 4.3982297150257104 3.2697784464833339 0.9934805023882078 1
0.5052631578947369 -0.2400000000000000 4.3982297150257104 13.9678151561246917 0.9446991031112930 4
0.5078947368421053 -0.2400000000000000 4.3982297150257104 25.7014531768587311 0.9130366798317470 7
0.5105263157894737 -0.2400000000000000 4.3982297150257104 10.4342846078542966 0.9711880884969948 3
0.5131578947368421 -0.2400000000000000 4.3982297150257104 9.8681806967614314 1.0094481453999258 2
0.5157894736842106 -0.2400000000000000 4.3982297150257104 65.2873447895472623 0.7995992790142821 17
0.5184210526315790 -0.2400000000000000 4.3982297150257104 19.3078451953743269 0.9805600384379154 5
0.5210526315789474 -0.2400000000000000 4.3982297150257104 10.4685875807425131 0.9833266023860873 3
0.5236842105263158 -0.2400000000000000 4.3982297150257104 10.4465152588352019 0.9976414474850201 3
0.5263157894736842 -0.2400000000000000 4.3982297150257104 10.1960979803046605 1.0216985028726173 2
0.5289473684210526 -0.2400000000000000 4.3982297150257104 9.4976434972312340 1.0429704090705059 2
0.5315789473684210 -0.2400000000000000 4.3982297150257104 9.2073543272934568 1.0496409663406634 2
0.5342105263157895 -0.2400000000000000 4.3982297150257104 9.2396753272550214 1.0566435635819564 2
0.5368421052631579 -0.2400000000000000 4.3982297150257104 9.3651330514326609 1.0639885844204953 2
0.5394736842105263 -0.2400000000000000 4.3982297150257104 9.2415235063097221 1.0634742155884163 2
0.5421052631578948 -0.2400000000000000 4.3982297150257104 8.9603331863530133 1.0729074709706206 2
0.5447368421052632 -0.2400000000000000 4.3982297150257104 8.7492169028991764 1.0714529788729792 2
0.5473684210526316 -0.2400000000000000 4.3982297150257104 8.6468594465143909 1.0726863939477149 2
0.5500000000000000 -0.2400000000000000 4.3982297150257104 8.6339077267484878 1.0769383105075958 2
0.5000000000000000 -0.2400000000000000 4.7123889803846897 2.5576390328651102 0.9903765309940978 0
0.5026315789473684 -0.2400000000000000 4.7123889803846897 3.2614751747535857 0.9934363162597293 1
0.5052631578947369 -0.2400000000000000 4.7123889803846897 183.9934025705647116 0.7891049697251455 49
0.5078947368421053 -0.2400000000000000 4.7123889803846897 10.7789972920222219 1.0005457946300869 3
0.5105263157894737 -0.2400000000000000 4.7123889803846897 10.4934669455635134 0.9565848988761093 3
0.5131578947368421 -0.2400000000000000 4.7123889803846897 10.6385800399393542 1.0091217527569543 3
0.5157894736842106 -0.2400000000000000 4.7123889803846897 9.9559370428478928 1.0138847853299129 2
0.5184210526315790 -0.2400000000000000 4.7123889803846897 183.1709091762142236 0.7928249179594216 49
0.5210526315789474 -0.2400000000000000 4.7123889803846897 56.0099208533541031 0.8597821478461516 15
0.5236842105263158 -0.2400000000000000 4.7123889803846897 11.3270660560617706 0.9891944014943551 3
0.5263157894736842 -0.2400000000000000 4.7123889803846897 10.7766415831968878 0.9998955490779643 3
0.5289473684210526 -0.2400000000000000 4.7123889803846897 10.4033776397854805 1.0155176683886371 3
0.5315789473684210 -0.2400000000000000 4.7123889803846897 9.5290678614789766 1.0381422435524901 2
0.5342105263157895 -0.2400000000000000 4.7123889803846897 8.9834415045542908 1.0577089910062807 2
0.5368421052631579 -0.2400000000000000 4.7123889803846897 8.8539567001854493 1.0668805647080359 2
0.5394736842105263 -0.2400000000000000 4.7123889803846897 8.8339853310403509 1.0751252896157424 2
0.5421052631578948 -0.2400000000000000 4.7123889803846897 8.7948983400698086 1.0832011163174120 2
0.5447368421052632 -0.2400000000000000 4.7123889803846897 8.7801936174746338 1.0916306369858002 2
0.5473684210526316 -0.2400000000000000 4.7123889803846897 8.8072590211877610 1.1004190668899505 2
0.5500000000000000 -0.2400000000000000 4.7123889803846897 8.8331984527606817 1.1031764512414557 2
0.5000000000000000 -0.2400000000000000 5.0265482457436690 2.5506569947478281 0.9903185101385064 0
0.5026315789473684 -0.2400000000000000 5.0265482457436690 3.2710684175582267 0.9934191328970310 1
0.5052631578947369 -0.2400000000000000 5.0265482457436690 29.5679731716328114 0.9554435369420198 8
0.5078947368421053 -0.2400000000000000 5.0265482457436690 11.3180230590351378 1.0005431488311067 3
0.5105263157894737 -0.2400000000000000 5.0265482457436690 11.1515478483006625 0.9614617211260906 3
0.5131578947368421 -0.2400000000000000 5.0265482457436690 10.2836837278740632 0.9800097023958352 2
0.5157894736842106 -0.2400000000000000 5.0265482457436690 10.3009735617202463 1.0138495623669530 2
0.5184210526315790 -0.2400000000000000 5.0265482457436690 9.9801263830272919 1.0187580973739423 2
0.5210526315789474 -0.2400000000000000 5.0265482457436690 69.4607611439613066 0.8890278703502917 19
0.5236842105263158 -0.2400000000000000 5.0265482457436690 17.3716606584209465 0.9640291607551208 4
0.5263157894736842 -0.2400000000000000 5.0265482457436690 18.2416381922550137 0.9751750500155504 5
0.5289473684210526 -0.2400000000000000 5.0265482457436690 36.0825349939554698 0.9107594884798569 10
0.5315789473684210 -0.2400000000000000 5.0265482457436690 11.0115614665647108 1.0043196048792986 3
0.5342105263157895 -0.2400000000000000 5.0265482457436690 9.7785071688101652 1.0315616872620161 2
0.5368421052631579 -0.2400000000000000 5.0265482457436690 8.9944263827154796 1.0495050743687477 2
0.5394736842105263 -0.2400000000000000 5.0265482457436690 8.7570395773619936 1.0680797108840723 2
0.5421052631578948 -0.2400000000000000 5.0265482457436690 8.9717588485716426 1.0808696684783987 2
0.5447368421052632 -0.2400000000000000 5.0265482457436690 9.2493199494383820 1.0901854224219907 2
0.5473684210526316 -0.2400000000000000 5.0265482457436690 9.3651075492278970 1.0995845637143582 2
0.5500000000000000 -0.2400000000000000 5.0265482457436690 9.3810308320234732 1.1090783587579707 2
0.5000000000000000 -0.2400000000000000 5.3407075111026483 2.5528966533218993 0.9902979638529860 0
0.5026315789473684 -0.2400000000000000 5.3407075111026483 3.2925557898317876 0.9934392355038061 1
0.5052631578947369 -0.2400000000000000 5.3407075111026483 13.5049293224055766 0.9449444842074938 4
0.5078947368421053 -0.2400000000000000 5.3407075111026483 10.9267776807989723 0.9702378947392314 3
0.5105263157894737 -0.2400000000000000 5.3407075111026483 18.1121772915882708 0.9612870769681380 5
0.5131578947368421 -0.2400000000000000 5.3407075111026483 10.2215219565997408 0.9635796344880779 2
0.5157894736842106 -0.2400000000000000 5.3407075111026483 10.4537230091879323 1.0027454975289567 3
0.5184210526315790 -0.2400000000000000 5.3407075111026483 10.0916890889744586 1.0188502153031902 2
0.5210526315789474 -0.2400000000000000 5.3407075111026483 9.3116982294950112 1.0240975893282183 2
0.5236842105263158 -0.2400000000000000 5.3407075111026483 62.7416838180522305 0.9174579782025694 17
0.5263157894736842 -0.2400000000000000 5.3407075111026483 31.7149871320938281 0.8950283312392346 8
0.5289473684210526 -0.2400000000000000 5.3407075111026483 17.3033774344496649 0.9625889967710097 4
0.5315789473684210 -0.2400000000000000 5.3407075111026483 35.1691388440838324 0.9053680192363737 9
0.5342105263157895 -0.2400000000000000 5.3407075111026483 35.9064900072416791 0.9071273685870080 10
0.5368421052631579 -0.2400000000000000 5.3407075111026483 10.2183070756514844 1.0145863201790355 2
0.5394736842105263 -0.2400000000000000 5.3407075111026483 9.1743462204380890 1.0449211432050385 2
0.5421052631578948 -0.2400000000000000 5.3407075111026483 8.6768393389233989 1.0599022766430801 2
0.5447368421052632 -0.2400000000000000 5.3407075111026483 8.7810502883755337 1.0760058955461902 2
0.5473684210526316 -0.2400000000000000 5.3407075111026483 9.2165964489412868 1.0922853613424528 2
0.5500000000000000 -0.2400000000000000 5.3407075111026483 9.2643717623874533 1.1063701297955473 2
0.5000000000000000 -0.2400000000000000 5.6548667764616276 2.5631838798681597 0.9902907056177154 0
0.5026315789473684 -0.2400000000000000 5.6548667764616276 3.3109656599679496 0.9934497088757664 1
0.5052631578947369 -0.2400000000000000 5.6548667764616276 13.2635850069491976 0.9454594715589307 3
0.5078947368421053 -0.2400000000000000 5.6548667764616276 10.9739822155879168 0.9528358105257773 3
0.5105263157894737 -0.2400000000000000 5.6548667764616276 63.4965173021140359 0.9179271235953099 17
0.5131578947368421 -0.2400000000000000 5.6548667764616276 10.9910636614321167 0.9663634652503297 3
0.5157894736842106 -0.2400000000000000 5.6548667764616276 10.1092109353361970 0.9752246026280088 2
0.5184210526315790 -0.2400000000000000 5.6548667764616276 10.4237408328642580 1.0142167452921240 3
0.5210526315789474 -0.2400000000000000 5.6548667764616276 10.0429593468835190 1.0241833402316920 2
0.5236842105263158 -0.2400000000000000 5.6548667764616276 9.1971605135982664 1.0298148066142254 2
0.5263157894736842 -0.2400000000000000 5.6548667764616276 9.6820527389811435 1.0256473765550838 2
0.5289473684210526 -0.2400000000000000 5.6548667764616276 25.4746713347390035 0.9391296209952921 7
0.5315789473684210 -0.2400000000000000 5.6548667764616276 116.3354781238474089 0.8697657742711944 32
0.5342105263157895 -0.2400000000000000 5.6548667764616276 17.3765972800718060 0.9616104215433373 4
0.5368421052631579 -0.2400000000000000 5.6548667764616276 17.9602373901563830 0.9841163981376725 5
0.5394736842105263 -0.2400000000000000 5.6548667764616276 10.6313074267086094 1.0063533726935616 3
0.5421052631578948 -0.2400000000000000 5.6548667764616276 9.3084051241742696 1.0412338709776481 2
0.5447368421052632 -0.2400000000000000 5.6548667764616276 8.6965049312827052 1.0604037990228854 2
0.5473684210526316 -0.2400000000000000 5.6548667764616276 8.5595627956157347 1.0727888573351352 2
0.5500000000000000 -0.2400000000000000 5.6548667764616276 8.9199020604817374 1.0865677129452478 2
0.5000000000000000 -0.2400000000000000 5.9690260418206069 2.5727410622269917 0.9902719635592082 0
0.5026315789473684 -0.2400000000000000 5.9690260418206069 3.3090618478156997 0.9934307465399455 1
0.5052631578947369 -0.2400000000000000 5.9690260418206069 13.9163909347136343 0.9545823533699423 4
0.5078947368421053 -0.2400000000000000 5.9690260418206069 11.2515817555948487 0.9536702094835717 3
0.5105263157894737 -0.2400000000000000 5.9690260418206069 10.5652010620149426 1.0046445334884857 3
0.5131578947368421 -0.2400000000000000 5.9690260418206069 156.8148690915132306 0.8017013832084076 42
0.5157894736842106 -0.2400000000000000 5.9690260418206069 10.4812759656151311 0.9698987949713205 3
0.5184210526315790 -0.2400000000000000 5.9690260418206069 10.1735405218480377 0.9839485230779643 2
0.5210526315789474 -0.2400000000000000 5.9690260418206069 10.3564342073626943 1.0171978005779518 2
0.5236842105263158 -0.2400000000000000 5.9690260418206069 9.9203472289242161 1.0298461413811506 2
0.5263157894736842 -0.2400000000000000 5.9690260418206069 9.6784210585822308 1.0358405151809587 2
0.5289473684210526 -0.2400000000000000 5.9690260418206069 8.9648729276290435 1.0421345036230589 2
0.5315789473684210 -0.2400000000000000 5.9690260418206069 8.9864944493365169 1.0372668565290903 2
0.5342105263157895 -0.2400000000000000 5.9690260418206069 9.7562853750689769 1.0214972438847305 2
0.5368421052631579 -0.2400000000000000 5.9690260418206069 10.7161651728060896 1.0045504634119458 3
0.5394736842105263 -0.2400000000000000 5.9690260418206069 10.3954227107557706 1.0079846212034054 3
0.5421052631578948 -0.2400000000000000 5.9690260418206069 9.6077205102655441 1.0245511728821717 2
0.5447368421052632 -0.2400000000000000 5.9690260418206069 9.0130016264740220 1.0504850362270370 2
0.5473684210526316 -0.2400000000000000 5.9690260418206069 8.5992400138893910 1.0655343514552078 2
0.5500000000000000 -0.2400000000000000 5.9690260418206069 8.4600491024771358 1.0804123041772997 2
